0
-18.344349
14.311293
0.000000
-24.060001
0.000000
0.000000
40.000000
10.000000
100.000000
99.000000
100.000000
98.000000
100.000000
100
0.000000
0
0
health_item Assets/pillBottle.egg c -16.000000 24.000000 0.000000 0.000000 0.000000 0.000000 0.500000 10.000000 2.000000 Assets/pillBottle.egg Assets/pill.png 2.000000 2.000000 
health_item Assets/pillBottle.egg c -14.205967 20.373852 -0.030790 0.000000 0.000000 0.000000 0.500000 10.000000 2.000000 Assets/pillBottle.egg Assets/pill.png 2.000000 2.000000 
